    33,
    42,
    71,
    179,
    219,
    223,
    193,
    141,
    209,
    234,
    225,
    180,
    154,
    204,
    215,
    194,
    137,
    207,
    241,
    241,
    206,
    163,
    225,
    245,
    233,
    182,
    155,
    198,
    206,
    180,
    120,
    172,
    201,
    197,
    160,
    166,
    220,
    236,
    219,
    163,
    146,
    184,
    188,
    159,
    98,
    144,
    168,
    160,
    117,
    60,
    90,
    99,
    78,
    42,
    87,
    121,
    121,
    89,
    49,
    88,
    105,
    92,
    50,
    56,
    98,
    106,
    82,
    30,
    55,
    80,
    74,
    37,
    41,
    88,
    103,
    88,
    44,
    45,
    77,
    80,
    52,
    28,
    83,
    106,
    100,
    64,
    54,
    95,
    106,
    87,
    54,
    107,
    139,
    141,
    115,
    108,
    145,
    160,
    146,
    102,
    82,
    118,
    127,
    107,
    64,
    84,
    107,
    103,
    69,
    41,
    82,
    97,
    85,
    47,
    62,
    92,
    96,
    72,
    47,
    87,
    109,
    104,
    73,
    79,
    115,
    126,
    111,
    85,
    122,
    149,
    150,
    124,
    93,
    115,
    128,
    117,
    81,
    73,
    101,
    107,
    88,
    53,
    76,
    97,
    94,
    67,
    56,
    89,
    103,
    92,
    63,
    77,
    104,
    109,
    89,
    65,
    91,
    110,
    106,
    76,
    60,
    84,
    92,
    78,
    44,
    46,
    63,
    63,
    39,
    33,
    63,
    80,
    74,
    53,
    62,
    66,
    71,
    56,
    11,
    0,
    0,
    0,
    0,
    0,
    0,
    0,
    0,
    0,
    0,
    0,
    5,
    0,
    0,
    0,
    0,
    0,
    0,
    0,
    0,
    0,
    0,
    0,
    0,
    0,
    0,
    0,
    0,
    0,
    0,
    0,
    0,
    0,
    5,
    13,
    2,
    0,
    20,
    43,
    47,
    31,
    32,
    58,
    75,
    72,
    59,
    68,
    85,
    93,
    81,
    49,
    50,
    59,
    55,
    34,
    28,
    36,
    44,
    35,
    10,
    15,
    33,
    38,
    24,
    14,
    26,
    41,
    41,
    17,
    12,
    34,
    45,
    35,
    18,
    24,
    48,
    55,
    44,
    39,
    56,
    75,
    73,
    54,
    52,
    69,
    79,
    68,
    48,
    52,
    69,
    72,
    51,
    35,
    52,
    65,
    61,
    46,
    53,
    72,
    82,
    70,
    48,
    40,
    41,
    34,
    7,
    0,
    0,
    11,
    4,
    0,
    0,
    14,
    19,
    10,
    0,
    20,
    40,
    41,
    35,
    44,
    63,
    73,
    65,
    49,
    49,
    59,
    61,
    45,
    33,
    41,
    56,
    53,
    37,
    32,
    52,
    62,
    52,
    40,
    50,
    70,
    73,
    59,
    49,
    66,
    80,
    77,
    63,
    64,
    85,
    94,
    84,
    69,
    71,
    81,
    79,
    60,
    45,
    31,
    37,
    38,
    36,
    17,
    22,
    34,
    36,
    34,
    31,
    46,
    64,
    79,
    75,
    65,
    63,
    80,
    84,
    70,
    53,
    56,
    63,
    61,
    44,
    34,
    40,
    52,
    44,
    27,
    24,
    23,
    28,
    17,
    4,
    1,
    16,
    14,
    0,
    0,
    0,
    9,
    0,
    0,
    0,
    0,
    0,
    0,
    0,
    0,
    0,
    0,
    0,
    9,
    2,
    0,
    0,
    11,
    18,
    9,
    2,
    0,
    12,
    16,
    19,
    22,
    38,
    56,
    56,
    49,
    42,
    55,
    59,
    58,
    60,
    65,
    76,
    77,
    72,
    64,
    68,
    70,
    52,
    31,
    41,
    50,
    55,
    44,
    33,
    39,
    41,
    32,
    15,
    7,
    11,
    7,
    0,
    0,
    0,
    0,
    0,
    0,
    0,
    6,
    12,
    10,
    10,
    5,
    14,
    17,
    2,
    0,
    0,
    0,
    0,
    0,
    0,
    0,
    0,
    0,
    0,
    0,
    0,
    0,
    0,
    0,
    0,
    0,
    0,
    0,
    0,
    0,
    0,
    0,
    0,
    0,
    0,
    0,
    0,
    0,
    0,
    0,
    0,
    4,
    4,
    17,
    25,
    21,
    14,
    3,
    16,
    13,
    0,
    0,
    0,
    0,
    0,
    0,
    0,
    0,
    0,
    0,
    0,
    0,
    0,
    0,
    0,
    0,
    0,
    0,
    0,
    0,
    0,
    0,
    0,
    0,
    0,
    0,
    0,
    0,
    0,
    0,
    0,
    1,
    0,
    0,
    7,
    18,
    11,
    1,
    9,
    13,
    9,
    8,
    8,
    9,
    13,
    13,
    0,
    0,
    0,
    0,
    2,
    9,
    16,
    20,
    22,
    12,
    9,
    11,
    5,
    0,
    0,
    0,
    0,
    0,
    0,
    0,
    0,
    0,
    0,
    0,
    0,
    0,
    4,
    9,
    5,
    6,
    9,
    2,
    10,
    7,
    0,
    0,
    0,
    0,
    0,
    0,
    0,
    0,
    0,
    0,
    0,
    0,
    0,
    0,
    0,
    0,
    0,
    0,
    0,
    0,
    0,
    0,
    0,
    0,
    0,
    0,
    0,
    0,
    0,
    0,
    0,
    0,
    0,
    0,
    0,
    0,
    0,
    0,
    0,
    0,
    0,
    0,
    0,
    0,
    0,
    0,
    0,
    0,
    0,
    0,
    0,
    0,
    0,
    0,
    0,
    0,
    0,
    0,
    0,
    0,
    0,
    0,
    0,
    0,
    0,
    0,
    0,
    0,
    0,
    0,
    0,
    0,
    0,
    0,
    0,
    0,
    0,
    25,
    30,
    1,
    0,
    0,
    1,
    0,
    0,
    0,
    0,
    0,
    0,
    0,
    0,
    20,
    22,
    0,
    0,
    0,
    10,
    0,
    0,
    0,
    0,
    0,
    0,
    0,
    0,
    0,
    0,
    0,
    0,
    0,
    6,
    0,
    0,
    0,
    0,
    0,
    0,
    0,
    0,
    10,
    4,
    0,
    0,
    3,
    16,
    0,
    0,
    0,
    0,
    0,
    0,
    0,
    0,
    12,
    0,
    0,
    0,
    0,
    2,
    0,
    0,
    0,
    0,
    0,
    0,
    0,
    0,
    0,
    0,
    0,
    0,
    0,
    0,
    0,
    0,
    0,
    0,
    0,
    0,
    0,
    0,
    0,
    0,
    0,
    0,
    0,
    0,
    0,
    0,
    0,
    0,
    0,
    0,
    0,
    0,
    0,
    0,
    0,
    0,
    0,
    0,
    0,
    0,
    0,
    0,
    0,
    0,
    0,
    0,
    0,
    0,
    0,
    0,
    0,
    0,
    0,
    0,
    0,
    0,
    0,
    0,
    0,
    0,
    0,
    0,
    0,
    0,
    0,
    0,
    0,
    0,
    0,
    0,
    0,
    0,
    0,
    0,
    0,
    0,
    0,
    0,
    0,
    0,
    0,
    0,
    0,
    0,
    0,
    0,
    0,
    0,
    0,
    0,
    0,
    0,
    0,
    0,
    0,
    0,
    0,
    0,
    0,
    0,
    0,
    0,
    0,
    0,
    0,
    0,
    0,
    0,
    0,
    0,
    0,
    0,
    0,
    0,
    0,
    0,
    0,
    0,
    0,
    0,
    0,
    0,
    0,
    0,
    0,
    0,
    0,
    0,
    0,
    0,
    0,
    0,
    0,
    0,
    0,
    0,
    0,
    0,
    0,
    0,
    0,
    0,
    0,
    0,
    0,
    0,
    0,
    0,
    0,
    0,
    0,
    0,
    0,
    0,
    0,
    0,
    0,
    0,
    0,
    0,
    0,
    0,
    0,
    0,
    0,
    0,
    0,
    0,
    0,
    0,
    0,
    0,
    0,
    0,
    0,
    0,
    0,
    0,
    0,
    0,
    0,
    0,
    0,
    0,
    0,
    0,
    0,
    0,
    0,
    0,
    0,
    0,
    0,
    0,
    0,
    0,
    0,
    0,
    0,
    0,
    0,
    0,
    0,
    0,
    0,
    0,
    0,
    0,
    0,
    0,
    0,
    0,
    0,
    0,
    0,
    0,
    0,
    0,
    0,
    0,
    0,
    0,
    0,
    0,
    0,
    0,
    0,
    0,
    0,
    0,
    0,
    0,
    0,
    0,
    0,
    0,
    0,
    0,
    0,
    0,
    0,
    0,
    0,
    0,
    0,
    0,
    0,
    0,
    0,
    0,
    0,
    0,
    0,
    0,
    0,
    0,
    0,
    0,
    0,
    0,
    0,
    0,
    0,
    0,
    0,
    0,
    0,
    0,
    0,
    0,
    0,
    0,
    0,
    0,
    0,
    0,
    0,
    0,
    0,
    0,
    0,
    0,
    0,
    0,
    0,
    0,
    0,
    0,
    0,
    0,
    0,
    0,
    0,
    0,
    0,
    0,
    0,
    0,
    0,
    0,
    0,
    0,
    0,
    0,
    0,
    0,
    0,
    0,
    0,
    0,
    0,
    0,
    0
